C = [192 80 77;79 129 189;0 153 153;154 111 54;126 82 104;0 102 0;102 102 102;255 0 0; 0 255 0; 0 0 255]/255;